scene_000.png 1.086410 4.766730 -1.449960 0.789455 0.051299 -0.000779 0.611661
scene_169.png 1.257540 4.688220 -1.473710 0.780225 -0.023686 0.046249 0.623337
scene_170.png 1.264310 4.684950 -1.474560 0.779195 -0.027140 0.048541 0.624309
scene_171.png 1.270980 4.680680 -1.476170 0.779110 -0.029821 0.051596 0.624048
scene_172.png 1.277200 4.676790 -1.478830 0.779884 -0.032647 0.053829 0.622750
scene_173.png 1.284790 4.672730 -1.481770 0.781593 -0.034479 0.056141 0.620300
scene_174.png 1.292580 4.667390 -1.486880 0.781221 -0.031783 0.061324 0.620422
scene_175.png 1.302310 4.662210 -1.490040 0.780804 -0.031432 0.065033 0.620586
scene_176.png 1.310770 4.657490 -1.495660 0.780722 -0.031973 0.067120 0.620441
scene_177.png 1.317570 4.651170 -1.499330 0.781551 -0.032154 0.067037 0.619394
scene_178.png 1.323140 4.644020 -1.506440 0.777675 -0.031816 0.070437 0.623897
scene_179.png 1.329200 4.637600 -1.509460 0.777716 -0.033440 0.071314 0.623662
scene_180.png 1.334380 4.629910 -1.514780 0.777649 -0.036255 0.071341 0.623585
scene_181.png 1.339510 4.621490 -1.517970 0.776481 -0.037905 0.071681 0.624901
scene_182.png 1.342680 4.613480 -1.524650 0.772908 -0.037773 0.072734 0.629202
scene_183.png 1.346280 4.605710 -1.529300 0.772236 -0.040135 0.071663 0.630004
scene_184.png 1.349410 4.597500 -1.533790 0.771423 -0.041851 0.071401 0.630917
scene_185.png 1.352120 4.589340 -1.538070 0.769994 -0.042638 0.072202 0.632518
scene_186.png 1.355420 4.581330 -1.542500 0.768693 -0.044011 0.072131 0.634012
scene_187.png 1.357680 4.573760 -1.547120 0.767475 -0.044085 0.072834 0.635400
scene_188.png 1.360120 4.565950 -1.552380 0.767711 -0.044508 0.073127 0.635052
scene_189.png 1.362270 4.557630 -1.558100 0.767290 -0.046955 0.071293 0.635593
scene_190.png 1.364760 4.548950 -1.563210 0.765522 -0.046872 0.071052 0.637754
scene_191.png 1.366630 4.540500 -1.567760 0.763183 -0.046439 0.072029 0.640474
scene_192.png 1.368980 4.532340 -1.572510 0.760747 -0.049459 0.070265 0.643335
scene_193.png 1.371090 4.523510 -1.574510 0.759611 -0.051887 0.068960 0.644626
scene_194.png 1.373630 4.514590 -1.578610 0.755143 -0.054106 0.067960 0.649780
scene_195.png 1.374860 4.506350 -1.580950 0.751241 -0.055687 0.067962 0.654153
scene_196.png 1.375620 4.498960 -1.586720 0.744021 -0.055797 0.068003 0.662341
scene_197.png 1.376460 4.493390 -1.587900 0.739823 -0.054821 0.069398 0.666964
scene_198.png 1.375810 4.488070 -1.593570 0.732680 -0.050271 0.071496 0.674938
scene_199.png 1.376780 4.485320 -1.597640 0.729889 -0.050048 0.071211 0.678002
scene_200.png 1.377570 4.484040 -1.601520 0.727299 -0.049912 0.072286 0.680676
